================================================================================
BRITISH LIBRARY CORPUS AGGREGATION REPORT
================================================================================

Generated: 2026-01-05T16:44:53.440075
Files processed: 7,982,524
Files skipped: 1,399,130

================================================================================
SUMMARY BY DECADE
================================================================================
Decade         Articles          Tokens    Size (MB)        LWM        HMD
--------------------------------------------------------------------------------
1800s           129,303     137,760,980        769.8         84    129,219
1810s           163,987     186,315,494       1045.6          0    163,987
1820s           209,329     235,859,159       1310.0          0    209,329
1830s           169,439     181,018,792       1002.9      6,295    163,144
1840s           498,147     593,285,339       3304.8     95,374    402,773
1850s           763,035     657,024,693       3631.1    111,030    652,005
1860s           831,504     639,663,893       3531.7    259,753    571,751
1870s           708,228     529,158,049       2933.8    679,219     29,009
1880s         1,175,959     850,837,590       4712.7  1,175,959          0
1890s         1,326,660     732,560,675       4048.0  1,326,660          0
1900s         1,191,786     568,077,287       3125.5  1,191,786          0
1910s           759,702     312,531,234       1738.6    759,702          0
--------------------------------------------------------------------------------
TOTAL         7,927,079   5,624,093,185      31154.5

================================================================================
TOP 20 NEWSPAPERS BY ARTICLE COUNT
================================================================================
  0002194: 1,313,700
  0003040: 343,500
  0002642: 286,300
  0002976: 249,400
  0003038: 249,200
  0003067: 245,800
  0002609: 230,000
  0002601: 227,600
  0002610: 211,600
  0002596: 205,800
  0002088: 201,100
  0003039: 184,300
  0003092: 175,400
  0002646: 166,200
  0003075: 152,400
  0003042: 145,400
  0003089: 145,300
  0002975: 143,500
  0002598: 138,000
  0003065: 134,600
